ci,anio,mes,monto
5542632,2025,4,419.29
23154978,2025,3,262.35
54821445,2025,12,264.84
24674296,2025,9,479.7
78548754,2025,11,286.0
8564880,2025,8,110.65
5463840,2025,3,173.75
6275519,2025,2,453.07
6293602,2025,11,257.0
8102622,2025,2,371.51
8038063,2025,7,126.75
7039110,2025,8,163.19
7969809,2025,4,185.09
7588904,2025,6,216.7
8314973,2025,12,450.63
4271954,2025,12,498.07
5534379,2025,7,212.81
7181654,2025,6,141.74
8621088,2025,12,463.83
7622142,2025,1,197.17
5289707,2025,9,398.45
7958149,2025,9,303.7
7965465,2025,9,179.05
4208927,2025,7,466.13
7059241,2025,5,419.65
6445214,2025,1,300.55
6436058,2025,9,178.73
4123262,2025,11,340.44
5369292,2025,7,397.23
6375511,2025,6,279.74
8309261,2025,2,485.42
7364289,2025,2,306.87
4164789,2025,3,445.93
8141681,2025,4,488.48
4004675,2025,12,435.5
5576425,2025,10,122.68
7158186,2025,11,198.42
5212182,2025,7,241.64
6272078,2025,2,310.47
6162850,2025,5,360.75
4032513,2025,12,393.75
6845687,2025,11,238.17
4359961,2025,2,368.56
8660356,2025,11,261.33
4232240,2025,9,223.69
5062838,2025,10,445.21
6950601,2025,7,209.99
4009952,2025,9,303.19
8687989,2025,2,141.68
7852443,2025,4,126.88
8461896,2025,11,100.38
5901236,2025,2,338.64
4079542,2025,11,169.67
4146874,2025,12,451.84
6842387,2025,9,187.17
8256734,2025,11,191.32
5028288,2025,9,477.03
5791390,2025,6,478.12
8806127,2025,8,444.22
